Mesh
MeshAsteroid
18
-0.4 -0.5   0.5 0.5 0.5 1.0   0.0 0.0
 0.2 -0.5   0.5 0.5 0.5 1.0   0.0 0.0
 0.5 -0.2   0.5 0.5 0.5 1.0   0.0 0.0
-0.4 -0.5   0.5 0.5 0.5 1.0   0.0 0.0
 0.5 -0.2   0.5 0.5 0.5 1.0   0.0 0.0
 0.4  0.5   0.5 0.5 0.5 1.0   0.0 0.0
-0.4 -0.5   0.5 0.5 0.5 1.0   0.0 0.0
 0.4  0.5   0.5 0.5 0.5 1.0   0.0 0.0
-0.2  0.5   0.5 0.5 0.5 1.0   0.0 0.0
-0.4 -0.5   0.5 0.5 0.5 1.0   0.0 0.0
-0.2  0.5   0.5 0.5 0.5 1.0   0.0 0.0
-0.5  0.2   0.5 0.5 0.5 1.0   0.0 0.0
-0.4 -0.5   0.5 0.5 0.5 1.0   0.0 0.0
-0.5  0.2   0.5 0.5 0.5 1.0   0.0 0.0
-0.5 -0.2   0.5 0.5 0.5 1.0   0.0 0.0
-0.5 -0.2   0.5 0.5 0.5 1.0   0.0 0.0
 0.5 -0.2   0.5 0.5 0.5 1.0   0.0 0.0
-0.4 -0.5   0.5 0.5 0.5 1.0   0.0 0.0


